AGE EDUC MEDUC SIBS LWAGE TENURE URBAN SOUTH MARRIED
31 12 8 1 6.645091 2 1 0 1
37 18 14 1 6.694562 16 1 0 1
33 14 14 1 6.7153835297 9 1 0 1
32 12 12 4 6.47697258 7 1 0 1
34 11 6 10 6.331502 5 1 0 1
35 16 8 1 7.244227 2 1 0 1
30 10 8 1 6.39693 0 1 0 0
38 18 8 2 6.985642 14 1 0 1
36 15 14 2 7.05099 1 0 0 1
36 12 12 1 6.907755 16 1 0 1
38 18 13 1 6.8351845741 13 0 0 1
33 14 16 1 6.82546 11 0 0 1
30 15 12 2 6.802395 3 0 0 0
28 16 10 3 7.183871 2 1 0 1
34 16 12 1 7.491087 9 1 0 1
35 10 6 1 6.864848 2 1 0 1
36 15 12 3 7.21524 9 1 0 1
38 11 10 2 6.745236 10 1 0 1
29 14 12 3 6.7214255333 7 1 0 1
31 12 8 3 6.154858 7 1 0 1
31 14 12 0 7.1507015228 1 1 0 1
36 16 12 2 7.38709 4 1 0 1
38 12 10 5 6.771935463 3 1 0 1
38 16 12 2 7.667158 8 1 0 1
32 16 11 0 6.959399 7 1 0 1
29 16 16 3 7.379008 9 1 0 1
35 13 12 2 7.080027 5 1 0 1
35 18 8 0 6.684612 1 1 1 1
34 17 13 3 7.256297 4 1 0 1
36 18 16 2 6.453625 13 1 0 0
34 12 8 1 6.907755 2 1 0 1
35 14 12 1 7.261225 4 1 0 1
32 13 12 1 7.889084 2 1 1 1
38 18 18 2 6.50129 12 0 0 1
32 17 17 1 7.483807 9 1 0 1
31 13 8 3 6.661855 10 1 0 1
28 14 12 1 7.360104 5 1 0 1
31 13 15 0 7.149917 12 1 0 1
29 16 13 1 6.570883 2 1 0 1
36 18 12 1 6.985642 7 0 0 1
38 12 8 3 6.539586 11 1 0 1
33 17 12 1 7.183871 9 1 0 1
38 12 12 3 7.12206 4 1 0 1
38 13 10 3 6.934397 15 1 0 1
34 18 14 1 7.4662275314 12 1 0 1
35 14 12 3 6.888573 15 1 0 0
30 17 12 3 6.6463904381 11 1 0 1
33 16 12 1 7.05099 5 1 0 1
34 12 12 1 7.0518555641 5 1 0 1
38 13 12 2 6.694562 12 1 0 1
38 12 12 1 7.003066 14 1 0 1
37 18 12 2 7.05099 10 1 1 1
29 12 12 7 7.466799 9 1 0 0
30 16 12 1 6.907755 8 1 0 1
29 12 12 8 6.135565 1 1 0 1
32 18 11 1 6.645091 12 1 0 0
31 16 17 2 6.774224 3 0 0 0
29 12 12 4 7.226209 7 1 0 1
30 17 12 3 7.280697 7 1 0 1
35 12 6 1 6.684612 12 1 0 1
36 17 12 1 7.4662275314 7 1 0 1
29 12 12 3 7.0483865738 12 1 0 1
35 12 12 2 6.733402 13 1 0 1
38 12 12 0 6.885509491 2 1 0 1
37 12 NA 5 6.870053 15 0 0 0
28 12 9 8 6.428105 10 1 0 0
33 12 12 2 6.09131 0 1 0 1
38 15 12 3 6.39693 1 0 0 1
32 12 12 1 7.219642 15 1 0 1
33 18 12 2 7.404279 2 1 0 1
36 16 8 1 7.282761 13 1 0 1
38 18 12 2 7.745003 7 1 0 1
31 16 12 1 7.427739 11 1 0 1
33 12 11 1 7.118826 2 1 0 1
32 16 12 3 6.7511014938 4 1 0 1
35 16 12 2 6.9772815704 8 1 0 1
35 15 NA 3 6.946976 15 1 0 1
36 12 12 1 6.907755 15 1 0 1
31 15 14 3 6.514713 2 0 0 1
30 12 7 1 7.003066 1 1 0 1
31 12 12 2 6.903747 14 1 0 1
36 10 NA 5 6.59578 5 1 0 1
37 11 8 4 7.090077 3 1 0 1
29 15 12 3 7.434848 8 1 0 0
36 10 14 4 6.5308775902 3 1 1 1
32 13 8 1 6.625392437 5 1 0 1
33 10 NA 2 6.753438 15 1 0 1
30 13 12 1 6.723833 2 1 0 1
30 13 16 4 6.361302 1 0 0 1
34 12 12 2 6.510258 3 1 0 1
36 15 16 3 7.824046 9 1 0 1
31 12 16 1 6.981006 8 1 0 0
37 12 8 7 6.620073 3 1 0 1
33 17 12 1 7.0783414841 9 1 0 1
31 16 12 4 6.725034 7 1 0 1
30 12 10 3 6.47697258 11 1 0 1
38 12 NA 1 7.130899 16 0 0 1
31 15 9 3 7.022868 9 1 0 1
31 16 9 3 6.76273 11 1 0 1
29 16 9 3 6.694562 7 1 0 1
35 18 8 1 7.16935 12 1 0 0
36 12 9 5 6.805723 12 1 0 1
37 12 8 5 6.802395 15 1 0 1
35 12 9 4 6.437752 0 1 0 1
36 14 12 4 7.36897 1 1 1 1
38 10 9 1 6.869014 16 1 0 1
34 17 8 1 7.338888 8 1 0 1
33 12 12 5 7.0121154785 6 0 0 1
31 16 12 2 7.1561765671 6 1 1 0
38 12 10 1 6.6463904381 2 1 0 1
38 12 10 6 6.907755 0 1 0 1
38 9 NA 2 6.7968235016 16 0 0 1
32 10 8 5 7.094235 0 1 0 1
29 12 12 1 6.620073 10 0 0 1
38 13 12 3 6.4831075668 16 1 0 1
33 12 12 0 6.398595 3 1 0 1
28 13 8 6 6.39693 11 1 0 1
30 12 12 1 6.070738 10 1 0 0
30 12 12 3 7.080027 7 1 0 1
33 12 10 2 6.453625 15 0 0 1
32 13 12 0 7.110696 14 1 0 1
36 12 12 1 7.0483865738 19 1 0 1
32 12 9 3 6.76273 11 1 0 0
29 14 12 4 6.938284 5 1 0 1
32 12 12 3 6.955593 11 1 0 1
29 12 12 3 6.907755 1 1 0 1
30 13 16 1 7.007601 11 1 0 1
35 18 16 3 7.562161 7 1 0 1
38 16 12 1 7.204893 16 1 0 1
29 12 12 0 6.695799 10 1 0 1
32 18 9 3 7.309882 3 1 0 1
33 16 10 3 7.204893 1 0 0 0
31 12 12 3 7.090077 4 1 0 1
33 12 12 4 6.214608 0 1 1 1
28 12 12 1 7.189168 5 1 0 1
33 12 7 4 6.802395 5 1 0 1
34 12 7 6 6.684612 3 1 0 1
38 12 2 3 6.684612 7 1 0 1
36 12 14 14 6.94119 16 1 0 1
36 12 6 1 6.887553 12 1 0 1
34 10 7 2 6.784457 12 1 0 1
34 10 8 0 6.173786 5 1 0 0
34 18 12 1 6.827629 14 1 0 1
31 17 12 1 6.240276 5 1 0 0
37 11 8 2 7.007601 16 1 0 0
36 12 12 0 7.084227 10 1 1 1
34 18 16 4 7.926963 7 1 0 1
30 12 8 0 6.658011 6 1 0 1
31 11 12 2 6.856462 6 1 0 1
30 16 13 2 7.2399325371 8 0 0 1
33 17 12 3 7.309882 9 1 0 1
28 12 9 6 6.47697258 3 1 0 1
29 13 12 2 6.5072774887 5 1 0 1
32 16 12 1 7.026427 8 1 0 1
33 12 11 6 6.109248 1 1 0 0
37 12 12 3 6.9353704453 12 1 1 1
32 15 12 2 7.784889 0 1 0 1
36 18 10 0 7.549083 14 1 0 0
33 16 12 2 6.629363 9 1 0 1
29 14 12 2 7.130899 1 1 0 1
31 16 12 3 7.057898 11 1 0 1
29 15 14 6 6.932448 13 1 0 1
32 16 12 0 7.003066 12 0 0 1
28 16 10 4 6.570883 5 1 0 1
37 16 8 1 7.183871 17 0 0 1
38 18 12 3 7.252054 3 1 0 1
38 17 12 1 7.678789 4 1 0 1
36 14 12 1 7.149132 16 0 0 1
35 12 11 2 7.0387835503 15 1 0 1
30 13 12 1 6.359574 4 1 0 0
38 12 NA 4 6.848005 10 1 0 1
38 12 12 4 6.964136 8 0 0 1
29 14 11 1 6.620073 9 1 0 1
30 12 10 3 6.907755 6 1 0 1
30 12 12 4 6.857514 7 1 0 1
31 12 7 2 6.453625 2 1 0 1
34 12 11 3 7.130899 1 1 0 1
34 12 7 2 6.514713 15 1 0 1
32 12 7 4 5.9914646149 6 1 0 1
29 12 12 2 6.3578424454 8 1 0 1
29 13 12 2 6.380123 7 0 0 1
31 16 8 1 6.827629 10 0 0 1
32 12 11 4 7.130899 2 1 0 0
33 14 8 2 7.003066 8 1 0 1
37 12 10 4 7.029973 2 1 0 1
36 12 9 1 6.480044 4 1 0 0
30 12 8 3 6.4264883995 2 1 0 1
34 16 9 2 6.869014 14 1 0 1
32 13 12 1 6.2709884644 11 0 0 1
33 12 12 2 6.705639 14 0 0 1
32 16 18 0 6.869014 9 0 0 1
38 12 12 3 6.733402 15 0 0 1
28 16 12 1 6.763885 4 0 0 1
36 14 8 5 7.784889 1 1 0 1
32 12 9 6 7.026427 2 1 0 1
31 12 12 4 7.056175 8 0 0 1
38 12 9 1 6.583409 5 1 0 1
36 16 11 0 7.483244 13 1 0 1
36 18 11 0 7.551187 5 0 0 1
34 18 14 4 6.9177055359 14 1 0 1
37 17 16 1 6.878326416 11 1 0 1
34 12 10 2 6.263398 2 1 0 1
30 12 10 1 6.263398 13 0 0 1
30 12 12 5 6.5072774887 3 0 0 1
37 12 12 0 6.214608 4 0 0 1
34 14 NA 2 6.964136 15 0 0 1
35 12 12 1 6.3099184036 15 1 0 1
32 12 12 1 6.214608 1 1 0 1
31 15 12 1 6.588926 5 1 0 0
30 12 8 2 6.76273 8 0 0 1
30 13 12 3 6.985642 2 1 1 1
31 17 13 1 7.1731915474 9 0 0 1
30 13 13 1 6.35437 1 0 0 1
30 16 12 3 6.4345464706 1 0 0 1
28 13 12 3 6.244167 10 0 0 1
37 18 8 1 7.149132 4 1 0 1
33 13 16 4 6.897705 9 0 0 1
33 12 8 5 6.39693 6 0 0 1
38 12 16 4 7.056175 2 0 0 1
29 12 10 5 6.214608 9 0 0 1
35 12 10 2 6.678342 18 0 0 1
37 11 NA 2 6.214608 3 0 0 1
38 10 NA 5 6.60665 13 0 0 1
33 16 12 1 7.130899 7 1 0 1
30 16 12 1 6.921658 9 1 0 0
33 13 9 3 7.130899 3 1 0 1
29 14 9 3 6.816736 13 1 0 1
30 16 11 2 7.204893 8 1 0 1
38 10 NA 5 6.0980744362 0 0 0 1
37 12 NA 1 5.57973 2 1 0 1
28 14 12 1 7.130899 1 1 0 1
36 13 NA 2 7.382124 9 1 0 1
38 16 10 7 7.280697 15 1 0 1
32 12 11 1 7.237778 8 1 1 1
32 16 8 5 6.710523 2 1 0 1
29 16 11 1 6.6770834923 7 1 0 1
38 13 NA 4 6.214608 1 0 0 1
29 18 12 10 6.253829 3 0 0 1
37 18 12 1 7.455877 12 1 0 1
38 18 16 6 7.562161 10 1 0 1
37 18 14 3 7.0518555641 2 1 0 1
31 15 12 2 7.678789 4 1 0 1
31 14 8 1 6.827629 7 1 0 1
33 16 8 1 7.01661 13 1 0 1
30 12 NA 1 6.107023 2 1 0 0
34 12 12 2 7.3132205009 11 1 0 1
37 14 8 4 6.716595 3 1 0 1
35 12 12 3 6.842683 8 1 0 1
36 12 6 5 6.885509491 15 1 0 1
33 14 14 6 6.938284 12 1 0 0
30 12 12 4 7.148346 1 1 0 1
34 14 12 2 7.035269 12 1 1 1
36 12 NA 7 6.684612 12 1 0 1
33 12 12 0 7.199678 9 1 0 1
32 12 8 2 6.968851 12 1 0 1
29 12 8 2 6.840547 6 1 0 1
38 12 9 0 6.694562 13 1 0 1
30 10 8 3 5.926926 2 0 1 1
31 12 11 2 6.285998 8 1 0 0
29 12 11 2 6.9865665436 4 1 0 1
31 14 8 3 6.8351845741 1 1 0 0
38 17 12 3 7.0518555641 4 0 0 1
33 11 11 5 6.306275 0 1 0 1
33 16 12 0 6.43294 1 1 0 1
29 16 12 3 6.7345914841 1 1 0 1
38 18 9 2 6.645091 15 1 0 0
29 17 12 3 6.375025 5 0 0 1
38 16 12 1 7.562161 18 1 0 1
29 12 8 2 6.964136 3 1 0 1
28 12 12 1 6.033086 1 1 0 0
28 16 16 3 7.091742 6 1 0 1
37 14 10 1 7.05099 2 1 0 1
32 13 NA 0 6.975414 9 1 0 1
29 14 12 2 7.091742 11 1 0 1
36 18 10 1 6.566672 3 1 0 1
31 14 11 2 7.091742 5 1 0 1
28 12 8 1 6.745236 3 1 0 1
35 16 10 6 6.907755 11 1 0 1
31 18 12 2 6.1944055557 8 1 0 0
35 14 12 4 6.907755 4 1 0 1
31 16 8 4 6.76273 4 1 1 1
30 13 11 3 7.226209 3 1 0 1
37 16 16 4 7.36897 12 1 0 1
37 15 8 1 7.379008 14 1 0 1
36 14 12 1 8.032035 13 1 1 1
35 16 16 3 6.80017 9 1 0 0
37 14 12 5 6.809039 2 1 0 1
31 13 8 1 6.858565 10 1 0 1
29 13 8 5 6.347389 1 1 0 0
32 12 5 2 6.0980744362 13 1 0 0
30 12 5 2 5.6664266586 0 1 0 1
37 16 17 1 7.275172 15 1 0 1
36 12 8 3 6.869014 21 1 0 1
33 12 11 13 6.980076 10 1 0 1
35 11 NA 7 6.812345 5 1 0 1
35 12 11 4 7.130899 19 1 0 1
29 11 NA 11 6.4297194481 5 1 0 1
37 10 11 8 6.923629 15 1 0 1
37 10 11 8 6.684612 14 1 0 1
37 16 12 2 6.956545 18 1 0 0
36 12 8 5 6.98379 9 1 0 1
34 17 11 1 6.4831075668 13 1 0 1
30 12 12 2 6.660575 10 1 0 1
36 15 12 2 6.945051 2 0 1 1
37 16 16 0 7.562161 14 1 0 1
37 15 12 3 7.091742 17 1 0 1
32 15 NA 0 6.50129 2 1 0 1
36 14 8 3 6.807935 14 1 0 1
31 12 12 3 6.791222 8 1 0 1
31 16 16 1 6.705639 7 0 1 1
29 12 12 3 6.6995005608 2 1 0 0
30 14 14 2 6.3578424454 2 1 1 1
31 14 12 2 6.628041 2 1 0 1
37 12 NA 0 6.9186954498 7 1 1 1
34 12 12 2 7.0518555641 1 1 0 1
29 12 12 3 6.932448 7 1 0 1
35 12 NA 2 7.20786 12 0 0 1
37 12 8 1 6.908755 22 1 0 1
37 13 11 7 6.679599 15 1 0 1
30 13 10 3 7.1147694588 12 1 0 1
30 12 NA 5 6.625392437 1 1 0 1
37 12 12 5 6.570883 1 0 0 1
32 15 12 3 6.907755 3 1 0 1
33 16 14 2 7.633853 13 1 1 1
30 16 14 2 6.81564 5 1 0 1
30 12 8 6 6.39693 5 1 1 1
31 11 9 3 6.857514 1 1 0 1
32 16 13 3 6.566672 5 1 1 1
38 12 12 2 7.0483865738 9 1 0 1
28 12 13 2 6.907755 5 1 0 1
31 12 8 5 6.7345914841 10 1 0 1
32 12 5 3 5.9914646149 3 1 0 1
34 12 16 0 7.069024 14 1 0 1
37 12 12 0 7.091742 2 1 0 1
33 12 12 2 7.2737865448 17 1 0 1
34 18 13 2 6.2878584862 1 1 0 1
30 11 9 3 6.660575 10 1 0 1
30 10 11 4 6.620073 9 1 0 1
37 18 12 1 6.7345914841 1 1 0 0
38 13 11 1 6.55108 1 1 0 1
36 16 12 1 7.204893 4 1 0 1
33 12 10 3 6.684612 12 0 0 1
30 16 16 3 7.130899 10 1 0 1
29 16 12 3 7.007601 8 1 0 1
30 14 8 6 6.163315 1 1 0 0
33 15 11 2 6.635947 4 0 0 1
36 12 8 3 6.869014 19 1 0 1
30 13 8 3 6.580639 9 1 1 0
34 9 8 0 6.684612 13 1 0 1
30 16 13 2 6.489205 9 1 0 1
36 14 12 2 7.146772 16 1 0 1
28 12 12 1 7.18007 7 0 0 1
38 12 12 1 6.7141704559 15 1 0 1
29 16 16 2 7.2737865448 7 1 0 1
31 17 12 2 7.244227 3 1 0 1
36 12 12 3 6.945051 5 0 0 1
29 12 8 2 6.504288 12 0 0 1
36 12 8 2 7.003066 10 0 0 1
30 14 12 3 6.907755 7 1 0 1
30 13 14 4 6.2595815659 2 0 0 1
31 14 14 6 7.013016 13 0 0 1
28 16 12 4 6.869014 4 0 0 1
34 18 8 3 6.591674 13 1 0 1
28 12 8 1 6.536692 5 1 0 1
38 11 9 6 6.9177055359 7 0 0 1
29 11 8 4 6.39693 2 1 1 1
34 12 8 3 6.390241 17 0 0 1
29 12 NA 3 6.745236 1 1 0 1
29 12 10 7 6.5072774887 2 1 0 1
36 12 8 4 6.675823 18 0 0 1
38 17 12 2 7.2737865448 7 0 1 1
34 12 11 5 6.5072774887 8 1 1 1
29 16 12 2 6.775366 8 1 0 1
36 18 16 3 6.7345914841 2 0 0 1
31 13 12 3 6.882438 0 1 0 1
28 12 12 1 7.109062 3 0 0 1
35 12 12 2 6.813445 5 1 1 1
30 15 15 2 6.2785215378 2 1 0 1
33 12 12 0 6.620073 11 0 0 1
38 12 12 1 7.095064 4 1 0 1
36 13 13 2 6.613384 1 0 0 0
37 12 8 3 6.802395 1 0 1 1
32 14 8 3 7.064759 14 1 0 1
31 12 6 5 6.291569 3 0 0 1
38 16 NA 2 6.3099184036 1 0 0 1
30 14 12 3 6.421622 4 0 0 1
31 13 12 2 6.812345 2 1 0 1
36 12 8 1 6.645091 12 0 0 1
37 13 15 4 6.891626 18 1 0 1
37 12 12 5 6.725034 12 1 0 1
35 12 12 1 6.778785 10 1 0 0
35 12 8 4 6.934397 7 1 0 1
33 16 NA 0 6.907755 1 0 1 1
29 13 11 3 6.1420373917 1 1 0 1
38 13 12 6 7.003066 12 1 0 1
37 14 12 1 6.463029 0 1 0 1
38 12 11 1 6.942157 14 1 0 1
32 14 8 6 7.100027 3 1 0 0
30 12 12 3 6.856462 6 1 0 1
38 12 8 0 6.84375 20 1 0 1
30 16 2 5 7.130899 8 1 0 1
34 18 12 3 6.37332 10 0 0 1
28 12 12 1 6.54103 6 0 0 1
34 12 12 1 6.331502 12 0 0 0
30 12 12 4 5.926926 5 0 0 0
38 12 6 0 6.5117454529 11 0 0 1
33 17 12 1 6.4831075668 13 0 0 1
35 12 8 3 6.539586 7 0 0 1
29 14 12 3 7.013016 1 1 0 1
33 16 16 2 7.221105 1 1 1 1
32 18 12 2 7.1561765671 13 1 0 1
38 11 NA 1 7.130899 4 1 0 1
35 15 12 2 7.204893 7 1 0 1
37 17 NA 2 7.261225 12 1 0 1
29 16 12 2 6.749931 5 1 0 0
32 15 12 2 6.788972 5 1 0 0
34 12 10 5 7.057037 10 1 0 1
30 16 12 2 6.368187 0 1 0 1
29 12 12 2 7.138867 3 1 0 1
35 18 9 3 6.853299 13 0 0 1
33 11 10 3 7.522941 15 1 0 1
30 12 10 3 7.362010479 2 1 0 1
28 16 12 2 6.6306834221 8 1 0 0
36 12 10 3 7.2737865448 15 1 0 1
38 13 NA 2 6.192362 4 1 1 1
31 12 9 9 7.026427 0 1 0 1
32 12 8 6 6.907755 5 1 0 0
32 12 6 5 6.214608 11 1 0 1
32 12 6 5 7.090077 9 1 0 1
33 10 NA 4 6.336826 3 0 0 1
31 12 12 0 7.5600805283 2 0 0 1
29 14 12 4 6.527958 7 1 0 1
37 12 12 1 6.651572 4 0 0 1
30 16 12 3 5.4510383606 4 0 0 1
30 13 12 3 6.882438 10 0 0 1
30 12 12 3 7.219642 1 1 0 1
37 16 12 3 7.667158 3 1 1 1
29 16 12 1 6.55108 1 1 1 1
33 12 8 3 7.090077 11 1 0 1
36 13 12 0 7.057037 18 1 0 1
34 11 12 6 6.591674 15 1 0 1
36 11 10 1 6.620073 2 1 0 1
38 12 NA 1 6.933423 16 1 0 1
32 15 11 3 7.013016 3 1 0 1
31 12 12 2 6.437752 8 1 0 1
30 16 10 5 7.090077 5 1 0 1
32 12 12 8 7.340187 1 1 0 1
34 16 13 0 7.05099 9 1 0 1
33 13 14 2 5.736572 0 0 0 0
30 12 7 1 6.413459 4 0 0 1
36 12 12 2 7.466799 17 0 0 1
31 16 12 4 6.907755 1 1 1 0
36 12 9 1 5.857933 1 0 0 1
37 12 4 10 6.639876 18 0 0 1
34 12 6 6 6.672033 2 0 0 1
38 12 8 12 6.7068624496 17 0 0 1
30 9 11 4 6.167517 1 0 0 1
33 14 12 3 6.84375 1 0 0 1
32 16 12 0 7.649216 4 1 0 1
32 12 10 4 5.857933 3 1 0 1
32 12 12 7 6.84588 0 1 0 1
28 15 10 2 7.091742 8 1 0 1
31 15 12 1 6.109248 4 0 0 1
37 16 12 5 6.964136 13 0 0 1
37 11 8 5 6.907755 15 1 0 1
36 12 7 6 5.7620515823 5 1 1 1
34 11 8 3 6.320768 9 1 0 0
28 12 12 0 6.864848 9 1 0 1
38 9 7 7 6.902743 13 1 0 1
33 14 9 2 7.377759 5 0 0 1
30 18 12 1 6.40688 5 0 0 0
30 12 11 4 6.2363696098 1 1 0 1
32 16 12 1 7.252054 12 1 1 1
37 16 8 1 7.204893 11 1 0 1
37 12 12 3 7.327781 16 0 0 1
30 14 12 2 6.980076 10 0 0 1
28 12 10 5 7.090077 11 1 0 1
36 16 11 2 7.2276625633 1 1 0 1
33 13 13 2 6.77308 2 0 0 1
30 13 12 3 6.437752 9 1 0 1
33 12 14 0 7.130899 2 1 0 1
36 13 8 4 6.9865665436 12 1 0 1
38 11 8 3 6.54103 3 0 0 1
31 12 12 3 6.588926 11 0 0 1
38 15 12 2 6.421622 15 0 0 1
31 16 12 2 6.816736 7 1 0 1
36 17 12 2 6.784457 10 0 0 1
29 12 8 2 6.548219 4 1 0 1
36 12 8 3 6.684612 18 0 0 1
30 16 12 1 6.6995005608 3 0 0 0
34 11 12 1 6.907755 14 1 0 1
32 12 8 4 6.308098 3 0 0 0
31 12 11 4 7.17012 15 1 0 1
33 16 9 6 6.827629 8 1 0 1
32 12 NA 3 7.338888 15 0 0 1
30 12 12 3 6.580639 9 0 0 1
31 12 12 2 6.703188 14 0 0 1
38 12 8 10 6.39693 2 0 0 1
37 12 11 2 7.003066 7 1 0 1
35 12 9 2 6.964136 19 1 0 1
30 12 9 2 6.869014 1 1 0 1
37 12 8 2 6.070738 9 0 0 1
29 11 NA 2 6.84588 2 0 0 1
32 16 12 2 7.256297 10 1 0 0
29 12 12 7 6.907755 9 1 0 1
32 13 12 3 6.214608 5 0 0 1
28 14 12 3 6.684612 5 1 0 1
35 12 NA 4 6.641182 18 0 0 1
33 14 11 1 6.620073 10 0 0 1
37 12 8 6 6.3099184036 2 0 0 1
34 11 NA 6 6.678342 4 1 0 1
30 12 12 10 6.583409 10 1 0 1
34 14 16 1 6.946014 8 1 0 1
32 10 12 3 5.2983174324 15 1 1 1
32 10 8 5 5.9914646149 1 1 0 1
35 11 12 2 6.35437 1 1 1 1
37 11 12 1 6.745236 5 1 1 1
32 12 10 2 6.2304816246 1 1 1 1
37 12 15 3 7.057898 4 1 1 1
30 13 8 3 7.089243 5 1 1 1
31 16 16 3 7.146772 4 1 1 1
33 16 11 2 5.857933 3 1 1 1
28 14 7 5 6.870053 9 1 1 1
37 15 12 3 7.288244 11 1 1 1
29 12 9 8 6.6871085167 12 1 1 1
30 12 6 1 6.464588 7 1 1 1
28 13 12 2 6.6214056015 2 1 1 1
31 17 12 1 6.190315 3 1 1 1
36 12 6 2 7.244227 5 1 1 1
31 18 8 2 6.84588 7 1 1 1
37 13 12 3 6.763885 16 1 1 1
38 12 12 5 6.514713 4 1 1 1
30 14 13 3 5.926926 3 1 1 1
33 14 16 1 5.7838253975 1 1 1 1
38 12 12 2 5.846439 17 1 1 1
33 17 8 3 7.2737865448 1 1 1 1
32 16 8 3 6.327937 2 0 1 1
36 12 12 1 6.3099184036 11 1 1 1
32 16 10 1 6.856462 10 1 1 1
38 13 12 1 6.527958 2 1 1 1
33 16 18 0 7.186901 1 1 1 1
38 12 NA 3 7.398786 3 1 1 1
30 12 8 3 6.033086 0 1 1 0
32 11 6 13 6.156979 0 1 1 1
34 12 9 6 6.50129 1 1 1 1
32 18 12 1 7.425954 3 1 1 1
31 16 8 6 6.946014 9 1 1 0
30 13 7 5 7.130899 11 1 1 1
31 12 12 2 6.6333184242 15 1 1 1
29 12 12 2 7.05099 12 1 1 1
37 15 14 5 7.379008 1 1 0 1
29 13 7 1 7.2737865448 13 1 1 1
30 16 8 4 6.76273 3 1 0 1
36 12 NA 1 6.558198 12 1 1 1
35 12 12 1 6.907755 1 1 1 1
32 10 9 6 6.747587 9 1 1 1
35 12 12 1 6.6463904381 14 1 0 1
34 12 12 3 6.907755 9 1 0 1
36 18 12 1 7.192182 5 1 0 1
37 16 12 1 7.427739 4 1 1 1
31 16 8 2 6.3578424454 0 1 1 1
38 12 8 6 6.529419 7 1 1 0
29 16 18 1 6.3578424454 8 1 1 0
38 12 11 6 6.946976 9 1 1 1
32 16 12 1 7.130899 11 1 1 0
28 13 5 4 6.39693 7 1 1 0
35 12 11 8 6.173786 3 1 1 0
29 11 12 5 6.907755 0 1 1 1
36 12 8 1 6.895683 15 1 1 1
34 10 9 2 6.1696105003 10 1 1 1
30 12 9 5 6.086775 2 1 1 1
30 12 NA 6 6.184149 1 1 1 1
36 9 NA 0 6.558198 0 1 1 1
34 12 9 8 7.34601 1 0 1 1
29 12 6 11 6.866933 9 1 1 1
32 12 12 2 6.907755 14 1 1 1
36 18 15 3 6.437752 5 0 1 1
35 16 12 0 7.204893 14 1 0 1
31 12 NA 13 6.867974 13 1 0 0
38 12 NA 3 6.1717004776 1 0 1 1
36 11 11 4 7.09091 16 0 1 1
31 16 NA 2 7.204893 2 1 1 1
32 18 12 2 7.022868 8 1 1 1
38 14 6 1 6.297109 7 1 1 1
31 11 7 7 6.109248 4 1 1 1
32 14 13 2 6.228511 4 1 1 1
34 11 NA 4 6.3044486046 5 1 1 1
35 11 NA 2 6.37332 16 1 1 1
29 12 8 9 6.135565 4 0 1 1
37 12 NA 5 6.558198 8 1 0 1
29 12 11 3 7.35628 1 1 0 1
36 13 8 2 7.398786 18 1 1 1
32 16 16 11 7.1561765671 1 1 0 1
31 16 12 2 6.320768 2 1 1 1
33 15 11 2 7.090077 8 1 0 1
31 12 3 4 6.7511014938 6 0 1 1
37 12 11 1 6.959399 7 0 1 1
28 12 12 0 6.907755 4 0 1 1
34 12 8 2 6.802395 5 1 0 0
31 16 16 1 7.379008 10 0 1 1
31 17 16 3 6.2304816246 2 1 1 1
29 16 12 2 7.3132205009 6 0 1 1
32 14 12 0 7.427739 9 1 1 1
35 13 12 2 6.620073 1 1 1 1
29 14 16 1 6.736967 7 0 1 1
38 12 NA 0 6.013715 18 0 1 0
34 12 12 1 6.9117474556 15 0 1 1
30 12 12 1 6.47697258 10 0 1 1
37 12 NA 4 6.694562 9 0 1 1
30 13 12 0 7.667158 2 0 1 1
38 12 12 1 6.6346335411 21 1 1 1
35 16 11 0 6.645091 3 1 1 0
31 12 NA 2 5.8435444832 8 1 1 1
31 12 NA 2 6.204558 10 1 1 1
31 16 4 3 6.89467 3 1 1 1
38 12 8 3 7.824046 1 0 1 1
32 14 12 1 7.0012454987 1 1 1 0
38 12 12 3 7.100027 16 0 1 1
28 15 10 1 6.3578424454 1 1 1 1
30 15 7 3 5.966147 3 1 1 1
32 16 12 1 7.3132205009 12 1 1 1
30 12 12 2 6.368187 1 1 1 1
36 11 NA 5 6.1312265396 1 1 1 1
38 12 8 2 6.851185 13 1 1 1
31 16 12 1 7.2737865448 3 1 1 1
38 16 12 1 7.195187 8 1 1 1
33 15 12 1 7.3132205009 5 1 0 0
34 16 NA 3 7.195187 1 1 0 1
36 12 9 3 6.55108 4 1 1 1
32 13 6 0 6.880384 5 1 1 1
32 18 10 1 7.678789 8 1 1 1
36 12 7 1 6.680855 7 0 1 1
32 12 7 7 5.9914646149 1 1 1 1
32 12 9 3 6.922644 11 1 0 1
29 16 12 1 7.463937 9 1 1 1
32 15 11 0 6.44572 2 0 1 1
32 12 6 0 6.0980744362 4 0 1 1
31 16 12 0 6.49224 9 1 1 1
37 12 12 7 6.658011 7 1 1 1
36 12 12 1 5.932245 1 1 1 0
35 12 8 2 6.327937 11 1 1 1
32 17 12 2 7.022868 13 1 1 1
30 12 7 6 6.115892 2 0 1 1
37 10 12 1 7.234177 9 1 1 1
31 17 12 2 7.338888 9 1 1 1
35 16 17 5 7.05099 12 1 1 1
37 14 8 3 6.869014 2 1 1 1
38 16 8 1 6.582025 1 1 1 0
37 12 10 4 6.173786 3 1 1 1
38 18 17 3 6.694562 9 0 1 1
36 13 12 2 7.2737865448 8 1 1 1
37 13 12 4 6.99485 4 1 0 1
33 12 12 1 5.857933 0 1 1 0
36 12 7 0 6.214608 11 1 1 1
30 16 16 2 6.933423 13 1 1 1
33 17 13 3 6.3578424454 7 1 1 0
30 15 12 2 7.195187 1 1 1 1
37 12 10 1 6.818924 9 1 0 1
30 16 11 5 7.007601 10 1 1 0
30 14 9 10 6.813445 5 1 1 1
38 12 1 7 6.907755 8 1 1 1
33 12 3 9 7.056175 1 1 1 1
29 12 3 9 6.908755 3 1 1 1
36 12 NA 7 6.569481 12 1 1 1
30 13 12 2 6.834109 5 1 1 1
31 12 6 6 5.9914646149 9 1 1 1
33 13 12 2 7.123673 10 1 1 1
36 12 12 1 6.97073 10 1 1 1
30 12 12 2 5.998937 3 1 1 1
30 13 NA 2 6.84588 12 1 1 1
34 10 8 2 6.6995005608 13 1 1 1
35 10 6 3 6.55108 0 1 1 1
33 10 NA 8 6.35437 6 1 1 1
36 10 12 7 6.109248 5 1 1 1
31 12 8 4 6.431331 10 0 1 1
30 12 8 4 6.089045 11 0 1 1
33 16 NA 11 6.437752 9 0 1 1
36 12 6 5 6.58755 5 0 1 1
38 9 6 8 6.214608 13 1 1 1
34 17 17 4 6.907755 2 1 1 1
38 12 8 1 5.97381 16 1 1 1
28 12 9 2 6.39693 3 0 1 0
37 12 6 0 6.869014 12 0 1 1
34 12 10 5 6.869014 4 0 1 1
30 11 0 14 6.76273 7 1 0 1
35 16 16 2 7.05099 3 1 1 1
34 16 4 1 7.234177 11 0 1 1
36 12 NA 1 6.59578 7 1 1 1
34 13 8 3 6.76273 9 1 1 1
31 12 8 5 6.55108 13 0 1 1
37 9 5 3 6.882438 10 0 1 1
33 13 12 2 7.17012 3 1 1 1
31 14 12 2 6.802395 3 1 1 1
36 12 8 4 6.72022 15 1 0 1
36 12 12 3 6.907755 13 1 1 1
30 16 16 2 6.717805 8 1 0 1
31 13 12 7 6.214608 2 1 1 1
28 13 12 3 7.0518555641 1 1 0 1
29 15 12 2 6.856462 3 1 0 0
30 13 8 4 6.55108 4 1 0 1
32 18 12 1 7.444249 6 1 0 1
32 12 11 5 6.2785215378 1 1 0 0
34 18 12 2 7.6029005051 0 1 0 1
32 14 7 1 6.791222 8 1 0 1
29 13 12 2 8.032035 4 1 0 1
37 17 12 3 7.338888 13 1 0 1
31 12 NA 1 6.2304816246 1 1 0 1
35 17 16 2 7.210818 9 0 0 0
38 12 12 5 7.041412 8 1 0 1
33 12 10 2 6.869014 8 1 0 1
38 12 12 2 7.130899 20 1 0 1
34 12 8 2 6.897705 3 1 0 1
37 12 12 5 6.807935 4 0 0 1
38 12 0 4 6.8308744431 0 1 0 1
34 12 8 3 7.3518 10 1 0 1
32 10 12 0 7.179308 4 1 0 1
35 14 7 5 6.827629 16 1 0 1
31 18 13 1 6.778785 9 1 0 1
38 13 12 0 6.684612 1 1 1 1
32 14 12 3 6.955593 10 0 0 1
30 12 12 3 6.3099184036 1 0 0 0
34 17 12 0 7.0817084312 2 1 0 1
37 14 12 2 6.368187 6 0 0 1
30 14 6 1 7.090077 2 1 0 1
33 16 14 5 6.680855 5 1 0 1
36 18 16 1 7.223296 13 0 0 1
38 13 12 4 5.886104 1 1 0 0
30 12 12 2 7.146772 12 1 0 1
36 12 8 1 7.513164 1 1 0 1
33 12 12 3 6.812345 5 1 0 1
33 18 12 7 7.465083 10 1 0 1
30 16 12 7 6.253829 1 1 0 1
29 16 12 7 6.694562 7 0 0 1
36 16 12 2 7.667158 2 1 0 1
38 15 8 0 6.539586 3 1 0 1
36 16 12 4 6.836259 1 1 0 1
34 16 12 1 6.6995005608 3 1 0 1
35 14 12 1 6.763885 14 1 0 1
36 12 12 7 7.2737865448 9 1 0 1
32 14 11 2 6.214608 0 0 0 1
37 18 12 1 7.232733 2 1 0 1
30 18 12 4 6.2690963745 9 1 0 1
36 12 12 2 6.781058 14 0 0 1
28 12 14 3 6.933423 11 1 0 1
28 12 12 4 7.100027 12 1 0 0
29 15 10 1 7.3901815414 5 0 0 1
32 16 12 3 7.51915 2 1 0 1
37 16 12 1 7.379008 2 1 0 1
33 13 8 2 6.907755 1 1 0 1
30 12 10 4 6.602588 4 1 0 1
29 12 12 2 7.437795 1 1 1 0
33 12 12 1 7.437795 9 1 0 1
32 14 NA 2 6.932448 5 1 0 1
38 12 11 5 7.009409 5 1 0 1
31 11 12 3 6.437752 1 1 0 1
29 13 11 4 6.579251 7 1 0 1
36 12 12 1 6.7511014938 10 1 0 1
32 12 12 2 7.130899 2 1 0 1
38 18 18 1 7.029973 13 0 0 1
28 12 13 1 6.802395 1 1 0 0
38 17 4 1 7.562161 7 1 0 1
37 15 12 2 6.869014 2 1 0 1
38 11 NA 7 7.5358304977 3 1 0 1
30 12 11 4 7.36074 3 1 0 1
36 14 12 1 6.84588 7 1 0 1
30 16 12 1 6.802395 9 0 0 1
31 12 8 6 6.782192 13 0 0 1
38 18 12 1 7.444249 12 1 0 1
37 12 9 3 7.138867 15 0 0 1
38 12 10 1 6.6214056015 7 0 0 1
28 11 12 5 7.000334 12 0 0 1
33 13 12 5 6.908755 11 0 0 1
34 15 12 2 7.05099 12 0 0 0
35 12 12 4 6.907755 16 1 0 1
33 12 6 9 7.130899 3 1 0 1
38 12 8 2 6.753438 3 1 1 1
31 12 16 3 7.099202 3 1 0 1
29 16 16 3 6.842683 7 1 0 1
33 13 12 5 6.8068294525 1 1 0 1
29 15 12 3 6.77079 4 1 0 1
34 9 NA 4 7.090077 0 1 0 1
35 17 6 4 7.13966 9 1 0 1
35 12 8 1 6.856462 2 1 0 1
29 12 10 5 4.744932 3 1 0 1
31 17 16 5 6.5117454529 4 1 0 1
37 15 16 1 6.988413 10 1 0 1
34 14 15 0 6.964136 14 1 0 1
38 12 7 7 6.684612 12 0 0 1
31 18 NA 3 5.9107966423 1 0 0 0
36 16 12 0 7.562161 13 0 0 1
36 12 7 3 6.7511014938 15 0 0 1
31 12 12 1 6.761573 6 0 0 1
36 16 13 4 6.995766 13 1 0 1
30 16 10 3 6.932448 4 0 0 1
31 12 17 2 6.745236 2 0 0 1
35 12 12 2 6.5117454529 10 0 0 1
37 14 10 3 6.684612 12 0 0 1
33 16 10 3 6.955593 3 0 0 1
35 17 14 3 6.784457 11 1 0 1
31 16 12 3 6.684612 2 1 1 0
32 17 8 0 7.090077 9 1 0 1
29 12 12 7 6.498282 10 1 0 1
37 12 NA 6 7.013016 18 1 0 1
34 16 NA 4 6.745236 8 1 0 1
37 12 8 5 6.907755 12 1 0 1
29 12 14 4 6.774224 4 1 0 0
33 16 12 3 7.091742 2 0 0 1
29 12 12 2 6.50129 2 0 0 1
37 16 12 2 6.827629 11 0 0 1
28 12 10 4 6.669498 10 1 1 1
38 10 NA 9 6.856462 5 1 1 1
37 12 NA 3 7.2737865448 16 1 1 1
30 12 6 8 6.763885 12 0 1 1
34 9 4 10 6.437752 5 0 1 1
32 12 6 6 6.522093 9 0 1 0
35 12 12 5 6.54103 19 0 1 1
38 12 6 8 6.774224 2 0 1 0
38 17 12 6 7.744137 2 0 0 1
32 14 10 2 7.086738 4 0 1 1
32 12 2 6 6.55108 8 1 1 1
29 12 12 3 6.580639 8 1 1 1
32 13 12 5 7.3132205009 2 1 1 1
31 15 16 2 6.956545 9 1 1 1
29 14 NA 2 6.685861 10 1 1 1
31 12 NA 5 6.461468 3 1 1 0
30 16 12 1 7.088409 9 1 1 1
32 12 16 1 5.966147 2 1 1 1
28 12 9 1 6.790097 11 1 1 1
36 12 12 1 6.981006 20 1 1 1
36 12 14 1 7.027315 12 1 1 1
37 15 12 1 6.620073 1 0 1 1
33 14 NA 3 6.7511014938 14 0 1 1
31 13 10 1 6.263398 1 0 1 1
29 12 10 1 7.006695 4 0 1 1
30 12 8 7 6.315358 10 0 1 1
29 12 10 1 6.684612 1 0 1 1
31 13 13 3 7.232733 7 0 1 1
36 17 14 0 6.052089 0 0 1 0
33 11 2 7 6.234411 4 1 1 0
31 12 3 9 5.913503 2 0 1 1
33 12 2 9 6.390241 14 0 1 1
28 12 NA 4 5.996452 4 1 0 1
31 12 9 0 6.0354814529 2 0 1 1
36 16 12 1 7.032624 10 0 1 1
35 12 9 4 6.5235624313 15 1 1 0
35 11 10 3 6.856462 5 0 1 1
36 10 5 0 6.39693 7 0 1 1
29 13 NA 3 6.493754 6 0 1 0
30 12 6 2 6.829794 9 0 1 1
31 12 5 0 6.3099184036 13 0 1 1
30 11 3 4 6.40688 11 0 1 1
30 10 3 4 6.052089 1 0 1 1
31 14 8 5 5.8289456367 1 1 1 1
34 12 7 2 6.539586 9 1 1 1
29 12 8 1 6.35437 9 0 1 1
33 9 8 5 6.347389 10 0 1 1
32 16 0 1 6.705639 9 1 1 1
29 12 12 1 6.89467 5 0 1 1
35 12 9 4 6.423247 18 1 1 1
35 16 14 3 6.933423 1 1 0 1
29 12 8 1 6.694562 3 1 0 1
30 17 15 1 6.694562 0 1 1 1
36 12 12 4 6.669498 5 1 1 1
33 12 12 1 6.745236 2 1 0 1
38 12 3 7 6.802395 19 1 1 1
36 12 8 2 7.257003 20 1 1 1
37 12 NA 3 5.560682 0 0 1 1
28 14 5 6 6.4952654839 2 0 1 1
38 13 12 1 6.331502 1 0 1 1
28 12 12 1 6.331502 5 0 1 1
30 13 NA 6 5.8777356148 2 1 1 1
32 16 12 0 6.916715 12 0 1 1
36 12 9 1 7.2737865448 17 1 1 1
29 11 10 7 6.4785094261 2 1 0 1
32 12 3 10 6.620073 5 0 1 1
33 12 10 2 6.625392437 14 0 1 1
38 12 NA 8 6.55108 9 0 1 1
30 11 9 3 6.22059 2 1 0 0
32 12 12 1 6.842683 15 0 1 1
36 10 10 2 6.4361505508 10 0 1 1
32 12 10 7 6.620073 10 0 1 1
30 14 10 7 6.802395 8 0 1 1
29 10 10 9 6.291569 10 0 1 1
30 13 4 10 6.464588 3 0 1 1
28 15 12 5 5.9914646149 10 0 1 0
38 10 12 3 6.802395 14 0 1 1
33 16 12 5 6.240276 10 0 1 1
35 18 9 7 6.795706 10 0 1 1
32 18 12 4 7.1561765671 5 1 1 1
30 12 12 4 6.184149 9 0 1 0
29 12 10 1 5.7838253975 5 0 1 1
33 12 7 4 6.645091 5 0 1 1
31 14 7 7 6.4264883995 8 1 1 0
35 12 7 6 6.946976 17 1 1 1
34 12 8 4 6.6214056015 4 1 1 1
30 12 7 2 5.940171 11 0 1 1
37 12 3 4 5.7037825584 3 1 1 1
38 10 12 4 6.6240653992 7 1 1 1
34 16 11 2 6.97073 11 1 1 1
30 12 14 1 6.975414 1 1 0 1
34 18 14 1 7.36074 8 1 1 1
30 10 12 5 6.47697258 9 0 1 1
32 12 10 4 6.55108 7 0 1 1
34 12 NA 5 6.2025356293 4 0 1 1
31 12 NA 0 6.791222 8 0 1 1
31 10 6 0 6.253829 12 0 1 1
32 12 12 5 6.7923445702 16 0 1 1
30 12 12 2 6.345636 12 1 0 1
29 15 11 2 7.275172 1 1 1 1
31 12 NA 4 6.175867 2 1 0 0
38 12 12 2 6.214608 12 0 1 1
36 16 12 1 7.295056 15 0 1 1
28 13 10 3 6.6883544922 1 1 1 1
30 16 12 0 6.869014 2 1 1 1
29 12 11 0 6.907755 5 1 1 1
30 16 12 2 6.39693 4 1 1 1
30 11 8 2 6.109248 2 0 1 1
30 12 10 8 6.444131 1 0 1 1
34 12 8 3 6.198479 2 0 1 1
32 17 12 5 7.353722 2 1 1 1
28 14 13 1 5.8777356148 3 0 1 1
32 13 10 4 6.866933 13 1 1 1
32 16 12 1 6.338594 2 0 1 1
32 12 12 2 6.175867 2 0 1 1
35 16 8 2 7.2737865448 10 1 1 1
35 12 7 7 6.46925 3 0 1 1
32 11 9 5 6.669498 6 0 1 1
33 12 12 4 6.4676985741 5 0 1 1
31 12 7 3 6.167517 3 0 1 1
34 16 16 3 6.498282 9 1 1 1
30 16 11 0 6.253829 1 0 1 1
31 13 8 7 7.091742 3 1 1 1
28 12 7 9 6.2878584862 10 0 1 1
28 12 NA 1 6.771935463 12 0 1 1
35 12 NA 5 6.907755 18 0 1 1
